ans =

   11.5255


ans =

    1.8432


ans =

    4.5415

ans =

6.7876


ans =

0.9347


ans =

1.5666

ans =

    7.6297


ans =

    1.0506


ans =

    1.8722

