matOfNorms =

  Columns 1 through 13

   21.0115   20.3677   21.8493   21.0534   22.7760   22.7216   15.7289   15.3883   18.8931   19.8886   19.0101   17.5420   17.4289

  Columns 14 through 20

   16.9501   17.2236   16.9910   17.8908   18.5611   19.0120   19.0854


Columns 1 through 13

403.9604  414.8189  362.0056  337.5741  270.9189  283.8710  277.3770  222.0163  278.5379  250.9661  249.2468  221.3882  207.0103

Columns 14 through 20

176.2887  176.3496  183.8776  187.9898  191.6113  179.2821  125.3333





matOfNorms =

  Columns 1 through 13

  158.9082  137.9726  144.4809  140.7735  136.0870  146.2434  141.2500  120.6170  102.1299  102.6943  118.6598  123.1959  123.7113

  Columns 14 through 20

  123.7113  131.0101  137.4000  137.4000  137.4000  138.5000  138.5000

   200.6202  123.4171  154.6793  161.4634  129.7297  128.4672  127.6098  121.7647  122.5935   84.9105   79.1774   74.9614   62.6357

  Columns 14 through 26

   61.0853   66.9367   58.9421   58.7406   63.9196   73.2832   73.9850   73.9850   76.9925   76.9925   76.9925   77.8000   77.8000

  Columns 27 through 39

   80.2000   79.7000   80.3000   80.8000   80.8000   80.8000   78.3000   78.3000   78.3000   77.1000   75.2000   75.2000   75.2000

  Columns 40 through 46

   75.2000   75.2000   78.4000   79.0000   79.0000   80.9023   80.9023



    Columns 1 through 13

  154.2472  112.7794  131.5634  114.8556  121.4621  126.1214   71.7241   77.3822   93.9633  107.7320  100.1031   93.7056   97.4046

  Columns 14 through 26

   96.4286   93.0946   98.6735   96.2245   86.3104   85.1777   85.4684   83.5176   83.4085   90.2000   90.2000  103.6000  111.4000

  Columns 27 through 39

  116.2000  116.2000  113.1000  113.1000  113.1000  113.1000  113.1000  113.8000  119.0000  119.0000  119.0000  119.0000  119.0000

  Columns 40 through 46

  119.0000  119.0000  119.0000  119.0000  119.0000  119.0000  119.0000



   Columns 1 through 13

  179.4102  104.4828  104.5128  110.2151  115.7333  110.6383  126.5969  139.2929  128.4910  125.1385  129.9502  133.7255  129.7400

  Columns 14 through 26

  126.3256  122.9767  123.5681  125.0000  122.3697  120.8592  119.8091  123.7681  128.0583  124.2469  112.0988  115.6436  115.6436

  Columns 27 through 39

  116.2376  116.2376  116.2376  115.6436  115.6436  115.6436  114.1584  114.1584  114.1584  114.1584  113.6634  113.6634  113.6634

  Columns 40 through 46

  113.6634  113.6634  113.6634  113.6634  113.6634  113.6634  113.6634




  matOfNorms1 =

  Columns 1 through 13

  380.6742  374.4413  387.3746  211.5486  175.5614  145.5409  184.0849  250.6806  275.5906  340.4124  227.2165  177.2589  153.5878

  Columns 14 through 26

  146.9388  113.0435  122.4490  122.4490  125.6997  129.3401  127.6962  128.0402  126.2155  124.6000  124.6000  121.6000  107.0000

  Columns 27 through 39

   99.0000   99.0000   96.0000   96.0000   91.0000   91.0000   91.0000   84.0000   64.0000   64.0000   64.0000   64.0000   64.0000

  Columns 40 through 46

   64.0000   64.0000   64.0000   64.0000   64.0000   64.0000   64.0000


matOfNorms2 =

  Columns 1 through 13

  149.8427  111.4040  135.3392  120.9449  127.1018  129.7098   73.7401   81.1518   97.9528  109.5876  102.3711   94.4162   98.8295

  Columns 14 through 26

   97.6531   95.5499  100.5102   95.3061   86.3104   84.6701   84.3544   82.7136   82.8070   89.8000   89.8000  104.4000  112.0000

  Columns 27 through 39

  117.2000  117.2000  116.4000  116.4000  116.4000  116.4000  116.4000  120.1000  126.3000  126.3000  126.3000  126.3000  126.3000

  Columns 40 through 46

  126.3000  126.3000  126.3000  126.3000  126.3000  126.3000  126.3000


matOfNorms3 =

  Columns 1 through 13

  154.2472  112.7794  131.5634  114.8556  121.4621  126.1214   71.7241   77.3822   93.9633  107.7320  100.1031   93.7056   97.4046

  Columns 14 through 26

   96.4286   93.0946   98.6735   96.2245   86.3104   85.1777   85.4684   83.5176   83.4085   90.2000   90.2000  103.6000  111.4000

  Columns 27 through 39

  116.2000  116.2000  113.1000  113.1000  113.1000  113.1000  113.1000  113.8000  119.0000  119.0000  119.0000  119.0000  119.0000

  Columns 40 through 46

  119.0000  119.0000  119.0000  119.0000  119.0000  119.0000  119.0000


ans =

   14.3192


ans =

    2.2914


ans =

    6.8887




matOfNorms1 =

  Columns 1 through 13

  397.5510  439.2476  441.9718  431.1111  427.4644  387.5630  384.0884  274.7090  211.9060  166.8602  144.9869  175.1436  186.1140

  Columns 14 through 26

  182.4742  160.0000  139.3814  139.3814  115.4639  115.4639  133.6082  148.1026  170.4835  170.4835  169.3401  169.3401  169.3401

  Columns 27 through 39

  169.3401  169.3401  201.0076  217.6000  217.6000  217.6000  231.0000  231.0000  230.4000  226.2000  218.4000  210.2000  210.2000

  Columns 40 through 46

  210.2000  183.0000  144.6000  144.6000  144.6000  144.6000  144.6000


matOfNorms2 =

  Columns 1 through 13

  169.8980  182.0690  162.3944  129.5238  115.8974  120.2241  143.8674  134.3915  133.6815  144.3799  145.9318  140.8877  139.2746

  Columns 14 through 26

  138.8660  130.7216  133.4021  133.4021  134.4330  134.4330  134.7423  125.9487  124.0712  124.0712  123.1472  123.1472  123.1472

  Columns 27 through 39

  123.1472  123.1472  128.9673  125.4000  125.4000  125.4000  120.9000  120.9000  119.7000  117.9000  114.9000  110.0000  110.0000

  Columns 40 through 46

  110.0000  102.9000  103.5000  103.5000  103.5000  103.5000  103.5000


matOfNorms3 =

  Columns 1 through 13

  167.1429  188.8401  165.7746  128.3810  118.8604  125.9384  146.1878  136.7196  135.9791  145.7520  147.7165  143.4987  141.2435

  Columns 14 through 26

  140.7216  132.9897  135.4639  135.4639  134.4330  134.4330  134.7423  126.1538  124.7837  124.7837  123.9594  123.9594  123.9594

  Columns 27 through 39

  123.9594  123.9594  128.1612  123.4000  123.4000  123.4000  120.0000  120.0000  119.1000  116.4000  112.8000  108.0000  108.0000

  Columns 40 through 46

  108.0000  101.5000  101.9000  101.9000  101.9000  101.9000  101.9000


ans =

   11.1779


ans =

    1.7780


ans =

    4.3883



matOfNorms1 =

  Columns 1 through 13

  368.0952  372.6209  381.6667  350.3275  345.8098  317.6842  287.8961  288.3673  220.3077  170.3325  168.0000  158.8689  153.5219

  Columns 14 through 26

  153.5219  120.4134   90.4935   90.4935   99.1667   89.9217   89.9217   89.9217   89.9217   89.9217   89.9217   89.9217   89.9217

  Columns 27 through 39

   89.9217   89.9217  108.7206  120.2094  114.7507  115.3806  115.3806  115.3806  115.3806  115.3806  107.7895  107.7895  107.7895

  Columns 40 through 46

  107.7895  107.7895  107.7895  126.3158  126.3158  126.3158  126.3158


matOfNorms2 =

  Columns 1 through 13

  159.2857  128.6514  126.2500  139.2443   74.5501   82.0000   87.0649  118.1633  115.1795  121.7391  124.0000  125.7584  128.0206

  Columns 14 through 26

  128.0206  127.8553  125.8182  125.8182  124.6875  127.2063  127.2063  127.2063  127.5196  127.5196  127.5196  127.5196  129.2950

  Columns 27 through 39

  130.3394  130.0261  130.6527  128.7958  131.5486  131.5486  131.5486  131.5486  131.5486  131.5486  130.9474  130.9474  130.9474

  Columns 40 through 46

  130.9474  130.9474  130.9474  131.6842  131.6842  131.6842  131.6842


matOfNorms3 =

  Columns 1 through 13

  163.2143  137.0992  129.8958  129.0680   75.4756   82.6316   87.2727  113.5714  110.2564  114.4757  117.3333  119.8972  122.9820

  Columns 14 through 26

  122.9820  123.7209  122.2857  122.2857  121.2500  123.8642  123.8642  123.8642  124.1775  124.1775  124.1775  124.1775  125.6397

  Columns 27 through 39

  126.1619  126.2663  128.2507  126.7016  127.3491  127.3491  127.3491  127.3491  127.3491  127.3491  126.7368  126.7368  126.7368

  Columns 40 through 46

  126.7368  126.7368  126.7368  128.2105  128.2105  128.2105  128.2105


ans =

   10.6427


ans =

    1.9053


ans =

    4.9083